0 117 201 111 131 226 31 140 84 106 177 11 105 110 58 17 153 232 190 71 40 109 86 52 157 91 110 214 183 208 250 228 69 195 83 
1 200 166 114 84 250 220 6 5 69 116 64 86 13 40 20 84 80 130 170 132 31 6 242 245 189 194 239 161 7 179 244 207 89 102 
2 36 83 66 42 89 136 158 153 222 171 193 243 255 17 117 170 149 148 176 135 137 109 73 121 15 80 44 3 31 133 106 67 216 172 
3 109 49 52 11 202 19 182 139 6 182 156 123 96 49 15 16 184 152 125 1 17 140 81 61 144 113 194 250 180 155 166 34 204 219 
4 45 151 238 228 34 244 154 191 111 250 240 126 10 169 22 135 170 40 20 252 101 164 109 40 158 33 195 68 67 143 31 113 38 13 
5 85 73 1 239 8 112 233 248 238 243 161 5 122 76 45 142 72 146 50 181 186 208 214 125 21 26 13 52 139 51 66 224 124 67 
6 207 132 180 184 125 162 171 30 167 37 106 212 180 178 103 230 103 33 183 62 159 204 88 172 0 227 223 66 195 92 134 146 224 58 
7 74 93 220 245 124 132 26 230 88 206 153 191 181 0 225 108 62 128 56 150 44 56 121 11 123 60 103 1 206 72 59 24 165 23 
8 13 33 155 40 8 244 246 161 179 171 161 148 23 224 20 79 118 64 136 240 76 3 44 179 4 251 251 63 19 161 86 33 194 242 
9 73 202 230 63 107 153 235 13 46 2 237 66 82 99 131 218 83 207 221 128 130 225 123 126 32 142 31 118 175 225 104 248 172 78 
10 56 23 232 35 36 22 37 17 88 119 117 219 81 200 170 46 72 45 15 195 171 47 82 202 166 1 171 14 250 87 93 50 111 69 
11 85 147 91 122 165 179 242 26 143 67 226 57 114 43 102 129 238 17 177 64 219 87 66 135 101 60 222 194 110 77 7 195 225 98 
12 61 134 22 47 160 165 115 130 222 229 173 69 102 156 86 23 220 50 110 30 185 212 90 151 150 200 229 158 139 198 0 201 76 22 
13 248 236 187 107 110 154 80 28 223 183 184 53 206 148 103 61 179 32 17 13 184 167 214 157 69 97 99 70 42 175 92 35 155 24 
14 142 9 178 223 37 145 150 221 198 100 114 46 161 37 78 178 50 6 90 8 163 159 106 6 229 148 181 66 183 80 90 70 90 12 
15 37 127 157 187 93 99 31 207 145 193 244 224 115 38 230 205 47 138 109 153 144 82 45 70 148 229 150 238 43 240 250 80 112 151 
16 11 205 251 42 156 140 235 144 108 95 182 83 44 229 221 153 126 109 236 172 179 128 145 74 111 188 58 105 12 170 1 23 119 252 
17 65 19 136 45 163 245 140 90 72 184 63 37 82 190 146 62 106 70 190 251 144 45 183 202 151 195 117 152 218 236 148 27 0 28 
18 72 163 17 212 253 89 141 61 126 223 251 17 29 101 87 219 96 231 9 23 177 160 218 38 56 180 19 204 207 19 232 24 182 250 
19 236 180 83 121 241 210 88 236 227 117 81 58 81 177 33 90 200 210 250 162 249 50 86 12 254 37 31 230 61 213 224 42 137 52 
20 163 122 6 252 102 233 113 183 35 194 104 68 28 48 22 22 210 15 72 40 27 70 78 58 45 139 16 13 181 153 65 89 20 71 
21 85 122 48 198 50 83 137 154 151 165 203 174 188 157 189 4 198 217 75 20 19 120 159 35 133 85 189 199 174 209 14 3 75 63 
22 201 125 146 82 24 42 248 227 216 180 128 149 184 70 110 3 90 130 123 250 165 1 79 98 200 253 51 214 0 127 21 201 252 168 
23 28 20 210 20 247 170 200 120 63 128 190 174 132 25 48 255 19 213 0 98 56 200 95 107 159 95 234 180 40 231 92 68 251 46 
24 88 243 216 32 107 24 161 41 198 37 66 246 36 85 203 37 183 3 237 22 111 140 117 89 65 158 64 157 226 60 204 59 47 164 
25 91 154 188 252 195 130 33 6 120 70 91 68 107 19 71 88 41 182 229 159 16 38 61 80 195 31 140 143 90 187 52 182 85 240 
26 178 25 115 212 31 235 26 122 47 133 141 119 221 183 45 194 86 61 232 147 142 172 178 26 59 13 214 111 195 43 96 117 68 211 
27 73 99 190 99 222 238 232 107 101 198 34 146 136 120 208 113 11 94 29 190 120 88 203 78 200 142 122 40 3 190 251 77 34 185 
28 176 0 167 153 107 12 95 142 159 231 6 111 88 18 205 117 208 69 206 155 148 150 41 14 190 44 204 185 121 238 114 42 238 26 
29 195 90 38 34 232 197 9 238 52 98 0 1 215 208 71 165 107 219 59 148 233 249 193 181 178 58 164 37 100 146 63 39 236 101 
